-2 -1 -1 -1 1 -3 1 -1 
-4 -1 -5 1 0 -2 -1 -1 
0 -7 3 -5 -1 -1 1 -2 
-4 -2 -3 2 -1 -2 -2 -1 
2 -1 -1 0 2 -3 -1 -1 
-2 -3 -1 -1 -1 0 -1 -2 
-3 -1 1 -1 -2 -3 -1 -3 
0 1 -2 5 0 -1 -3 1 
-2 -3 0 -3 0 0 -3 -2 
-1 -1 -3 -7 -1 -1 -2 1 
-7 -4 1 3 4 -1 -1 -3 
15 6 0 -2 1 -1 -1 4 
4 -8 -19 -3 -4 -1 -2 2 
-1 -7 1 0 0 -1 -1 -3 
0 -1 2 1 -7 0 -2 0 
1 0 3 -15 1 -5 -2 -3 
0 -4 1 5 12 9 8 3 
-2 8 4 4 -25 -69 -24 -13 
14 -6 6 -14 85 25 15 -30 
-3 -7 -5 -4 -29 22 46 -1 
3 -4 1 -4 -24 19 -10 -11 
-13 5 0 5 10 19 -9 -31 
15 -3 27 45 -73 -64 32 11 
31 11 -24 33 -64 -5 -3 21 
-13 -11 -9 -8 -7 -1 -5 -9 
20 29 -10 0 -3 -6 -7 8 
-10 -12 3 -21 8 -1 -12 -21 
-5 1 -11 -1 57 -33 -45 -13 
15 -10 13 -10 77 17 -20 -51 
2 -1 -20 6 -25 -8 -22 16 
2 -1 15 -26 16 -11 -15 1 
2 1 9 -1 2 7 -7 4 
7 5 -1 7 8 3 2 3 
0 -5 0 -9 -3 -1 1 2 
-2 -1 -3 -1 4 1 0 1 
4 -2 5 10 6 -4 3 2 
2 2 0 5 -4 -4 2 2 
-3 -4 -9 0 -3 4 0 -3 
-1 -4 -6 -3 -1 0 0 1 
-4 -6 -1 -3 -5 -5 -1 -2 
-10 3 -5 -4 -6 -1 -1 -1 
-4 -8 -7 -6 2 -3 -1 -4 
1 -1 -5 -3 -2 -4 -1 -1 
-1 -2 -5 -1 1 -2 -3 -1 
0 0 11 -3 -1 1 2 0 
-1 0 -14 -2 3 -5 -1 2 
-6 4 4 4 2 -1 -2 1 
-2 4 8 -7 -3 2 1 5 
2 -4 -1 4 -3 -4 -3 -3 
-1 0 -1 -5 -1 1 -3 -3 
-1 2 0 -2 -3 1 3 -2 
-6 -5 2 0 -1 -2 -1 0 
3 -6 -13 -5 8 5 0 2 
-4 -2 1 -4 -1 -7 0 -1 
-2 5 -3 0 -5 -2 -1 2 
-3 -1 2 1 -3 -3 -2 -3 
2 3 -3 -6 -9 -2 -3 0 
-6 -1 1 -5 -1 -2 0 -2 
-2 -2 5 -1 -3 -6 -1 0 
4 3 7 4 0 -2 1 0 
-1 1 -5 -3 1 0 -3 1 
-3 -2 -2 -5 9 3 1 0 
-3 -1 11 -2 -4 -2 1 -3 
0 3 -8 -7 -5 -2 -2 0 
-1 3 4 0 -9 -9 2 -1 
-5 -3 -12 0 0 2 -2 -3 
-2 0 -1 1 0 0 0 -4 
-2 0 -4 0 4 -3 -2 -4 
